RVCGuniform random[ 0.          0.          0.24292411  0.49359652  0.72040183  0.89521244
  1.04985067  1.15999564  1.28135971  1.36993345  1.45108735  1.5180794
  1.58286974  1.63029266  1.68156362  1.72393786  1.75163298  1.78882176
  1.8316957   1.85603917]
RGSPuniform random[ 0.          2.29050057  3.39730601  4.05995212  4.50862202  4.80982092
  5.05172698  5.22867892  5.3673744   5.50027461  5.5970991   5.6775073
  5.76348549  5.7961666   5.86251052  5.9366783   5.94738506  5.99182001
  6.02971124  6.06857645]
RVCGuniform truth[ 0.          0.          0.          0.11190403  0.24499505  0.36705123
  0.46782374  0.56955264  0.64888255  0.7236255   0.78383418  0.85430674
  0.89762474  0.93791173  0.98016813  1.01037138  1.05562382  1.07641333
  1.09718595  1.12475993]
RGSPuniform truth[ 0.          2.29215505  3.41219925  4.11171423  4.55207053  4.82709813
  5.03385631  5.24586981  5.37190787  5.48301968  5.59191658  5.69046594
  5.75351618  5.80516365  5.85971284  5.91309321  5.97589313  5.98686563
  6.02304287  6.05228075]
RVCGuniform-BsmallthanV random[ 0.          0.          0.04454605  0.10465912  0.16247456  0.21124031
  0.25535697  0.29364321  0.31990399  0.34387508  0.36295479  0.38628454
  0.40011026  0.41438853  0.42708638  0.43807911  0.45118104  0.46240609
  0.46745109  0.47798179]
RGSPuniform-BsmallthanV random[ 0.          0.92127046  1.4087964   1.77071567  2.03241972  2.21448367
  2.37346004  2.48839105  2.57781298  2.67195702  2.72376374  2.81216034
  2.85532654  2.89915344  2.93963446  2.98342853  3.0280375   3.06673586
  3.07596737  3.10725297]
RVCGuniform-BsmallthanV truth[ 0.          0.          0.          0.10933582  0.2423842   0.36417659
  0.47689165  0.58060419  0.65284388  0.73464263  0.7872756   0.84855278
  0.89681932  0.93352699  0.97505952  1.01953615  1.04874547  1.07415417
  1.09650522  1.12957676]
RGSPuniform-BsmallthanV truth[ 0.          2.30335474  3.4278369   4.09667088  4.52237573  4.81223369
  5.07143312  5.25776875  5.39477428  5.50369555  5.60852432  5.68824849
  5.74440421  5.80182673  5.86468168  5.9144596   5.95219654  5.9994438
  6.03367397  6.05590181]
