SWVCGuniform random[ 4.98553041  5.01339511  5.01075827  5.00185034  4.99739531  5.00460628
  5.00154033  5.00233943  5.00732792  4.99425582  5.00974309  5.00336957
  5.00361877  5.00409389  4.99614106  4.99563753  4.99585151  4.99684457
  5.01204607  5.00740969]
SWGSPuniform random[ 4.98553041  5.01339511  5.01075827  5.00185034  4.99739531  5.00460628
  5.00154033  5.00233943  5.00732792  4.99425582  5.00974309  5.00336957
  5.00361877  5.00409389  4.99614106  4.99563753  4.99585151  4.99684457
  5.01204607  5.00740969]
SWVCGuniform truth[ 5.01330012  5.6107251   5.92639843  6.10814741  6.21277298  6.25547425
  6.28620131  6.36036481  6.3739326   6.39022774  6.42492092  6.45820738
  6.4694653   6.47302591  6.48414689  6.50069515  6.52967577  6.51396977
  6.52363766  6.52892426]
SWGSPuniform truth[ 5.01330012  5.6107251   5.92639843  6.10814741  6.21277298  6.25547425
  6.28620131  6.36036481  6.3739326   6.39022774  6.42492092  6.45820738
  6.4694653   6.47302591  6.48414689  6.50069515  6.52967577  6.51396977
  6.52363766  6.52892426]
SWVCGuniform-BsmallthanV random[ 4.96669618  5.44376631  5.59614825  5.70897952  5.81874673  5.85333116
  5.88639301  5.90754915  5.90939655  5.94316526  5.94222672  5.97730584
  5.97028976  5.97495825  5.9770904   5.99457234  6.01498344  6.03136826
  6.01508837  6.0242846 ]
SWGSPuniform-BsmallthanV random[ 4.96669618  5.44376631  5.59614825  5.70897952  5.81874673  5.85333116
  5.88639301  5.90754915  5.90939655  5.94316526  5.94222672  5.97730584
  5.97028976  5.97495825  5.9770904   5.99457234  6.01498344  6.03136826
  6.01508837  6.0242846 ]
SWVCGuniform-BsmallthanV truth[ 4.97908842  5.6538758   5.92800439  6.09117475  6.18224199  6.2454393
  6.32398651  6.36752083  6.39490076  6.41229871  6.44436332  6.4584931
  6.45970695  6.47062158  6.48975067  6.5028108   6.50809822  6.52460316
  6.53383125  6.53142739]
SWGSPuniform-BsmallthanV truth[ 4.97908842  5.6538758   5.92800439  6.09117475  6.18224199  6.2454393
  6.32398651  6.36752083  6.39490076  6.41229871  6.44436332  6.4584931
  6.45970695  6.47062158  6.48975067  6.5028108   6.50809822  6.52460316
  6.53383125  6.53142739]
