RGSPuniform random[       0.            55831.87349063   122807.2167989    165520.27795341
   261353.89879287   305392.37932048   308790.15006813   385360.82090323
   526061.71389047   521494.49646448   572103.54608988   619708.33249313
   727377.62072344   742449.21562099   872533.08284661   900641.99817245
  1060476.5479665   1122498.12234796  1135949.95256969  1337838.96433413]
RGSPuniform truth[       0.            39622.54364607    99940.95354767   152407.45471211
   226011.43876098   270864.31797186   395020.90165441   452089.2828063
   554903.47971363   572058.00765057   637905.16511503   683468.72121364
   757195.96374418   841466.49497368   893652.54252325   945355.1303266
   959315.84008115  1072605.26876016  1196513.3314042   1244276.81045834]
RGSPuniform-BsmallthanV random[]
RGSPuniform-BsmallthanV truth[]
