RVCGuniform random[  0.           0.           0.35461186   0.9517477    1.72552069
   2.57474514   3.55092316   4.5864273    5.63046122   6.76110052
   7.75730422   8.96696621   9.98170688  11.16594544  12.25412965
  13.58780183  14.57954615  15.89604186  17.22333599  18.26643511]
RGSPuniform random[  0.           2.19821341   4.99702657   7.97583038  11.08957328
  14.23771899  17.49507376  20.88128787  24.00958973  27.34263499
  30.58364313  33.98808319  37.15137876  40.43126409  43.7804517
  47.06790258  50.24471125  53.61172461  57.02747652  60.30103177]
RVCGuniform truth[  0.           0.           0.63013383   1.60931717   2.72251269
   3.98974723   5.27828458   6.77483569   8.18907096   9.74175027
  11.14126935  12.76846613  14.24751124  15.89303372  17.33927975
  19.03921449  20.6882115   22.36054882  23.81638426  25.50461311]
RGSPuniform truth[  0.           2.2213758    5.00006146   7.95647734  11.18350652
  14.22374803  17.48634956  20.78152491  24.05183673  27.32698034
  30.49147855  33.82531384  37.12183727  40.39999839  43.60918644
  47.02002878  50.29626146  53.66122625  57.09703461  60.20455411]
RVCGuniform-BsmallthanV random[ 0.          0.          0.17838229  0.49630739  0.87425112  1.29887337
  1.78735363  2.2643706   2.75751416  3.27544517  3.85174257  4.34246466
  4.86879046  5.42908296  5.96315533  6.55227211  7.16562568  7.70649
  8.26212179  8.80877578]
RGSPuniform-BsmallthanV random[  0.           0.86615254   2.05627713   3.46920378   4.97050206
   6.54315697   8.17540581   9.80180214  11.47546224  13.17838857
  14.92880423  16.62264033  18.40031863  20.16157399  21.88074293
  23.70214442  25.55969039  27.33624565  29.05512466  30.8169416 ]
RVCGuniform-BsmallthanV truth[  0.           0.           0.61920994   1.62580612   2.68984208
   4.07123399   5.28354271   6.76557841   8.18361553   9.75393483
  11.23383775  12.8088245   14.27510096  15.95416494  17.42139535
  19.11678266  20.72049968  22.34783128  23.83382533  25.48584087]
RGSPuniform-BsmallthanV truth[  0.           2.23096179   4.97506012   7.97757267  11.10139413
  14.40725168  17.4568082   20.71647739  24.02104549  27.31870651
  30.55269425  33.77098799  37.12347697  40.49300139  43.84357112
  47.10497758  50.52921794  53.75289568  56.92755659  60.30557361]