SWVCGuniform random[  2.51319203   4.9857045    7.53610103   9.96699589  12.55046346
  15.07910497  17.56465867  20.05183615  22.52773166  24.98575528
  27.48785049  29.98718877  32.38523348  35.06157458  37.57004474
  40.12903987  42.6000499   45.11004085  47.48471872  49.9670857 ]
SWGSPuniform random[  2.51319203   4.9857045    7.53610103   9.96699589  12.55046346
  15.07910497  17.56465867  20.05183615  22.52773166  24.98575528
  27.48785049  29.98718877  32.38523348  35.06157458  37.57004474
  40.12903987  42.6000499   45.11004085  47.48471872  49.9670857 ]
SWVCGuniform truth[  2.51190766   5.57514498   8.74036395  11.93774755  15.33747896
  18.50300621  21.87097089  25.23203253  28.54352651  31.87516552
  35.07836377  38.43068003  41.76363212  45.06635802  48.29805021
  51.72222065  54.99795385  58.38037453  61.86081201  64.97072723]
SWGSPuniform truth[  2.51190766   5.57514498   8.74036395  11.93774755  15.33747896
  18.50300621  21.87097089  25.23203253  28.54352651  31.87516552
  35.07836377  38.43068003  41.76363212  45.06635802  48.29805021
  51.72222065  54.99795385  58.38037453  61.86081201  64.97072723]
SWVCGuniform-BsmallthanV random[  2.505336     5.36999365   8.29518677  11.33137851  14.40225191
  17.41499512  20.44018342  23.46368723  26.48946229  29.49395455
  32.58677532  35.55303203  38.72530334  41.69914031  44.70013292
  47.81620914  50.90371688  53.9879616   56.99262528  59.95594459]
SWGSPuniform-BsmallthanV random[  2.505336     5.36999365   8.29518677  11.33137851  14.40225191
  17.41499512  20.44018342  23.46368723  26.48946229  29.49395455
  32.58677532  35.55303203  38.72530334  41.69914031  44.70013292
  47.81620914  50.90371688  53.9879616   56.99262528  59.95594459]
SWVCGuniform-BsmallthanV truth[  2.50965118   5.55707759   8.74691095  11.97413874  15.26709829
  18.7051453   21.83988248  25.16011665  28.51860724  31.86179181
  35.1253694   38.38579067  41.76501763  45.16044293  48.53183656
  51.81023023  55.25837189  58.49128146  61.6803825   65.06633661]
SWGSPuniform-BsmallthanV truth[  2.50965118   5.55707759   8.74691095  11.97413874  15.26709829
  18.7051453   21.83988248  25.16011665  28.51860724  31.86179181
  35.1253694   38.38579067  41.76501763  45.16044293  48.53183656
  51.81023023  55.25837189  58.49128146  61.6803825   65.06633661]