RVCGuniform random[  0.           0.           0.34399306   0.95798801   1.70920619
   2.56687641   3.50579084   4.49897261   5.61388683   6.67966051
   7.79887035   8.9786253   10.06472998  11.20894505  12.30642182
  13.50355465  14.75525385  15.97281646  17.1255258   18.23959444]
RGSPuniform random[  0.           2.22954843   5.04433241   7.96230302  11.1284062
  14.26765115  17.38378539  20.6897414   24.02975266  27.26060617
  30.60972187  33.90148779  37.10309166  40.36265682  43.6860065
  46.93818031  50.2785067   53.71851589  56.95165666  60.3277813 ]
RVCGuniform truth[  0.           0.           0.           0.20172177   0.56181123
   1.0175527    1.57680318   2.14605275   2.7619038    3.47679783
   4.19536537   4.85818987   5.59376879   6.3850343    7.12700012
   7.78452646   8.62501205   9.43219898  10.08610349  11.02071467]
RGSPuniform truth[  0.           2.21960825   4.97744468   8.00310297  11.12570208
  14.2614042   17.4717648   20.72148397  23.89547836  27.29854194
  30.66672135  33.82145439  37.16623473  40.37314344  43.80478568
  47.02460465  50.35888412  53.6792266   56.92595656  60.30498547]
RVCGuniform-BsmallthanV random[ 0.          0.          0.05852686  0.19716934  0.38303253  0.60271702
  0.84978301  1.10890742  1.38966565  1.67112139  1.95439094  2.22060113
  2.51626894  2.80965276  3.11380858  3.41491196  3.70098123  3.99571317
  4.34667298  4.61328799]
RGSPuniform-BsmallthanV random[  0.           0.86349635   2.06477354   3.47648704   4.94088752
   6.58359948   8.18248255   9.77953956  11.51682246  13.21382617
  15.0208791   16.57624859  18.44058344  20.15611946  21.97855652
  23.75384141  25.37450217  27.25328134  29.07633279  30.87456895]
RVCGuniform-BsmallthanV truth[  0.           0.           0.           0.20315968   0.55724366
   1.03423674   1.54734147   2.17352969   2.78751808   3.44776439
   4.16387856   4.82603195   5.63247557   6.37967602   7.1038021
   7.81337628   8.62863787   9.40296875  10.16451914  10.97813871]
RGSPuniform-BsmallthanV truth[  0.           2.22633871   5.00363012   8.075673    11.06890072
  14.28128237  17.4561457   20.82755245  23.95199091  27.25755765
  30.59367575  33.72715756  37.08642098  40.51219685  43.64262704
  46.90355705  50.14901024  53.70414625  56.87353807  60.40083234]
