SWVCGuniform random[  2.48456762   5.05610017   7.48831378   9.95853325  12.60553471
  14.90155616  17.40067634  20.01223193  22.5569569   24.98155902
  27.59490489  29.98524454  32.47270299  35.09179355  37.6779025
  39.92090538  42.49728293  45.03458182  47.46141263  50.09370756]
SWGSPuniform random[  2.48456762   5.05610017   7.48831378   9.95853325  12.60553471
  14.90155616  17.40067634  20.01223193  22.5569569   24.98155902
  27.59490489  29.98524454  32.47270299  35.09179355  37.6779025
  39.92090538  42.49728293  45.03458182  47.46141263  50.09370756]
SWVCGuniform truth[  2.49147241   5.57917141   8.71186615  11.99186579  15.28510261
  18.54300126  21.83022059  25.1737681   28.41238997  31.83953642
  35.24936571  38.446107    41.80747418  45.02809284  48.47877849
  51.75265933  55.08484517  58.41324691  61.68751894  65.05779454]
SWGSPuniform truth[  2.49147241   5.57917141   8.71186615  11.99186579  15.28510261
  18.54300126  21.83022059  25.1737681   28.41238997  31.83953642
  35.24936571  38.446107    41.80747418  45.02809284  48.47877849
  51.75265933  55.08484517  58.41324691  61.68751894  65.05779454]
SWVCGuniform-BsmallthanV random[  2.50054043   5.34602489   8.31598501  11.34428394  14.36732268
  17.44900927  20.41784082  23.34145813  26.51142498  29.49351138
  32.7202369   35.61911881  38.7111816   41.80748983  44.85000166
  47.85346695  50.82039457  53.90893634  57.01153701  60.11428815]
SWGSPuniform-BsmallthanV random[  2.50054043   5.34602489   8.31598501  11.34428394  14.36732268
  17.44900927  20.41784082  23.34145813  26.51142498  29.49351138
  32.7202369   35.61911881  38.7111816   41.80748983  44.85000166
  47.85346695  50.82039457  53.90893634  57.01153701  60.11428815]
SWVCGuniform-BsmallthanV truth[  2.48666355   5.55100385   8.77831647  12.0631314   15.23777153
  18.5560949   21.84470586  25.28060089  28.45412967  31.80055836
  35.18351532  38.34963221  41.72622661  45.17145596  48.32161603
  51.61181996  54.86573479  58.44646258  61.62161557  65.16558979]
SWGSPuniform-BsmallthanV truth[  2.48666355   5.55100385   8.77831647  12.0631314   15.23777153
  18.5560949   21.84470586  25.28060089  28.45412967  31.80055836
  35.18351532  38.34963221  41.72622661  45.17145596  48.32161603
  51.61181996  54.86573479  58.44646258  61.62161557  65.16558979]
