RGSPuniform random[     0.          18326.42314206  33289.92587616  43834.43272784
  52120.17418947  51927.3984693   47969.02688461  58683.8143995
  60993.22559965  55837.88952313  57228.36074815  58507.78289554
  59929.97526612  61308.59989095  61720.43963735  60947.1357213
  62250.40490002  64543.88136597  61969.6017312   60166.49344964]
RGSPuniform truth[     0.          18817.9333224   39110.26277117  39354.04500643
  45521.982941    49239.20678365  42045.65507315  54950.93261017
  51439.23113479  53857.88928115  60762.25824391  54607.17952975
  57078.38129496  58283.2785743   58979.34997974  54002.74976323
  57018.00916114  57552.82268805  62698.81769023  60855.36415326]
RGSPuniform-BsmallthanV random[]
RGSPuniform-BsmallthanV truth[]
