RVCGuniform random[  0.           0.           0.34609013   0.94963269   1.70457803
   2.63015032   3.5162153    4.52702743   5.58662177   6.68234739
   7.77866622   8.89130765  10.06486679  11.17689301  12.40237274
  13.61096347  14.80493331  16.00477427  17.08300502  18.41180345]
RGSPuniform random[  0.           2.2419469    5.01842219   8.01948805  11.04803011
  14.38444483  17.40605976  20.75188886  23.89784505  27.23759255
  30.50070094  33.88596231  37.15823472  40.41453371  43.82541423
  46.98675742  50.36123571  53.81003635  57.03545733  60.38040043]
RVCGuniform truth[  0.           0.           0.           0.20059163   0.56339705
   1.01587076   1.54554316   2.16468106   2.80610861   3.48208702
   4.18185787   4.87736781   5.60905959   6.36186177   7.11719225
   7.85120437   8.67350462   9.42810419  10.10707232  10.92411242]
RGSPuniform truth[  0.           2.22933231   4.95246586   7.94696962  11.15617344
  14.25335378  17.47837688  20.82340368  23.94563852  27.24216103
  30.58524313  33.79383807  37.19572661  40.49334512  43.75751479
  47.0451094   50.45529278  53.68253768  56.9545183   60.38869591]
RVCGuniform-BsmallthanV random[ 0.          0.          0.05676725  0.19676931  0.39135693  0.60594712
  0.85397813  1.09976488  1.36735736  1.67346194  1.91119033  2.23092097
  2.50432235  2.83489448  3.14040698  3.41261332  3.74834469  4.06731975
  4.32036738  4.61600983]
RGSPuniform-BsmallthanV random[  0.           0.8566392    2.04958567   3.43108089   4.96888943
   6.52659442   8.17075752   9.7984922   11.42247439  13.31904922
  14.870706    16.64541708  18.35434864  20.16105157  22.01458145
  23.798537    25.61471766  27.28879362  29.10429686  30.78669717]
RVCGuniform-BsmallthanV truth[  0.           0.           0.           0.20054206   0.54923856
   1.03307509   1.57947703   2.18572534   2.81708538   3.46634887
   4.11757141   4.83149389   5.60317346   6.38104852   7.07609018
   7.91437552   8.59780138   9.53161153  10.20759228  10.93969195]
RGSPuniform-BsmallthanV truth[  0.           2.22982496   4.99758701   7.97976992  11.11611604
  14.24572411  17.4725656   20.77238784  24.11267511  27.28596287
  30.40434299  33.86122885  37.23925222  40.36876688  43.7277773
  47.05655736  50.27335758  53.88402467  56.87431296  60.15528432]
