SWVCGuniform random[  2.50060975   5.08007714   7.48416977  10.03175587  12.49576061
  15.0213482   17.4198494   20.10283552  22.51530788  24.97064324
  27.38028879  30.00996077  32.58227289  34.96515753  37.56468602
  39.83584814  42.5167892   45.1460239   47.55244191  50.06325738]
SWGSPuniform random[  2.50060975   5.08007714   7.48416977  10.03175587  12.49576061
  15.0213482   17.4198494   20.10283552  22.51530788  24.97064324
  27.38028879  30.00996077  32.58227289  34.96515753  37.56468602
  39.83584814  42.5167892   45.1460239   47.55244191  50.06325738]
SWVCGuniform truth[  2.53245821   5.55114267   8.70129155  11.91757999  15.34226288
  18.52386404  21.85800341  25.28039011  28.43268297  31.7818257   35.166351
  38.39931899  41.84194608  45.1447926   48.44227673  51.75731258
  55.17419619  58.42059084  61.71698369  65.15743128]
SWGSPuniform truth[  2.53245821   5.55114267   8.70129155  11.91757999  15.34226288
  18.52386404  21.85800341  25.28039011  28.43268297  31.7818257   35.166351
  38.39931899  41.84194608  45.1447926   48.44227673  51.75731258
  55.17419619  58.42059084  61.71698369  65.15743128]
SWVCGuniform-BsmallthanV random[  2.50631716   5.37456915   8.29071077  11.33314324  14.33836817
  17.35229288  20.429928    23.40969467  26.4344695   29.62888685
  32.5901926   35.70059918  38.60079252  41.76660299  44.88923334
  47.95069584  51.06582778  53.86762863  56.9036134   60.02392833]
SWGSPuniform-BsmallthanV random[  2.50631716   5.37456915   8.29071077  11.33314324  14.33836817
  17.35229288  20.429928    23.40969467  26.4344695   29.62888685
  32.5901926   35.70059918  38.60079252  41.76660299  44.88923334
  47.95069584  51.06582778  53.86762863  56.9036134   60.02392833]
SWVCGuniform-BsmallthanV truth[  2.49435501   5.59403858   8.73248887  11.95269734  15.31709034
  18.51998892  21.84965269  25.20259231  28.616904    31.82593205
  34.98292977  38.48889385  41.8946152   45.01832492  48.42062508
  51.76458675  55.0079949   58.60303001  61.6194917   64.91782012]
SWGSPuniform-BsmallthanV truth[  2.49435501   5.59403858   8.73248887  11.95269734  15.31709034
  18.51998892  21.84965269  25.20259231  28.616904    31.82593205
  34.98292977  38.48889385  41.8946152   45.01832492  48.42062508
  51.76458675  55.0079949   58.60303001  61.6194917   64.91782012]
